7.500000000000000000e-01
2.233333333333333559e-01
4.599999999999999645e-01
9.999999999999999167e-02
1.933333333333333293e-01
5.666666666666667074e-02
2.433333333333333182e-01
1.666666666666666644e-02
9.333333333333333759e-02
1.899999999999999745e-01
4.199999999999999845e-01
8.000000000000000167e-02
2.466666666666666730e-01
1.533333333333333492e-01
2.566666666666666541e-01
3.666666666666666408e-01
8.000000000000000167e-02
3.333333333333333547e-03
1.800000000000000211e-01
7.733333333333334281e-01
3.300000000000000155e-01
5.633333333333333526e-01
7.466666666666665897e-01
7.666666666666666075e-02
8.000000000000000167e-02
2.999999999999999889e-02
8.666666666666666963e-02
9.333333333333333759e-02
8.333333333333332871e-02
2.000000000000000042e-02
0.000000000000000000e+00
1.666666666666666644e-02
4.000000000000000083e-02
6.099999999999999867e-01
6.666666666666667095e-03
2.033333333333333381e-01
1.096666666666666679e+00
2.633333333333333637e-01
1.553333333333333455e+00
2.566666666666666541e-01
1.399999999999999856e-01
8.799999999999998934e-01
3.433333333333332682e-01
6.666666666666666574e-02
3.300000000000000155e-01
1.666666666666666644e-02
9.333333333333333759e-02
3.666666666666667379e-02
1.533333333333333215e-01
7.000000000000000666e-02
2.399999999999999911e-01
8.000000000000000167e-02
2.399999999999999911e-01
2.666666666666666630e-01
2.500000000000000000e-01
6.900000000000000577e-01
6.000000000000000472e-02
3.666666666666666685e-02
2.200000000000000011e-01
2.000000000000000042e-02
1.000000000000000021e-02
3.666666666666666685e-02
1.193333333333333357e+00
7.333333333333333370e-02
1.633333333333333304e-01
4.833333333333332260e-01
9.666666666666666463e-02
4.000000000000000083e-02
4.333333333333333481e-02
4.033333333333333215e-01
0.000000000000000000e+00
1.156666666666666732e+00
1.219999999999999973e+00
2.666666666666666838e-02
3.300000000000000155e-01
3.666666666666667379e-02
2.333333333333333440e-02
1.040000000000000036e+00
1.933333333333333293e-01
3.666666666666667379e-02
1.666666666666666644e-02
3.300000000000000155e-01
8.666666666666666963e-02
1.700000000000000122e-01
0.000000000000000000e+00
8.000000000000000167e-02
2.633333333333333637e-01
7.666666666666667462e-02
2.333333333333333648e-01
2.333333333333333440e-02
2.333333333333333093e-02
1.633333333333333304e-01
1.099999999999999867e-01
2.999999999999999889e-02
2.233333333333333559e-01
1.589999999999999858e+00
1.003333333333333188e+00
4.999999999999999584e-02
7.333333333333333370e-02
1.666666666666666644e-02
9.166666666666666297e-01
1.333333333333333419e-02
2.333333333333333093e-02
5.666666666666667074e-02
1.000000000000000021e-02
8.633333333333332860e-01
3.400000000000000244e-01
2.300000000000000100e-01
2.700000000000000178e-01
8.666666666666666963e-02
4.000000000000000083e-02
1.166666666666666824e-01
6.500000000000000222e-01
1.566666666666666485e-01
4.733333333333333282e-01
1.199999999999999956e-01
3.333333333333333547e-03
6.666666666666666574e-02
1.233333333333333365e-01
2.000000000000000042e-02
1.900000000000000300e-01
5.566666666666666430e-01
4.333333333333333481e-02
4.999999999999999584e-02
4.333333333333333481e-01
2.999999999999999889e-02
2.666666666666666630e-01
1.666666666666666574e-01
1.756666666666666599e+00
9.166666666666666297e-01
1.333333333333333315e-01
1.633333333333333304e-01
1.300000000000000044e-01
2.933333333333333903e-01
7.733333333333334281e-01
5.633333333333333526e-01
2.666666666666666630e-01
5.999999999999999778e-02
8.000000000000000167e-02
1.933333333333333293e-01
9.000000000000000222e-01
2.200000000000000011e-01
1.146666666666666723e+00
5.833333333333333703e-01
2.900000000000000355e-01
4.000000000000000083e-02
2.000000000000000042e-02
3.666666666666666963e-01
7.666666666666667462e-02
2.000000000000000042e-02
7.666666666666666075e-02
1.633333333333333304e-01
1.600000000000000033e-01
2.366666666666666641e-01
1.086666666666666670e+00
1.800000000000000211e-01
1.610000000000000098e+00
2.283333333333333215e+00
2.766666666666666718e-01
5.433333333333333348e-01
5.899999999999999689e-01
1.733333333333333393e-01
3.666666666666666963e-01
1.429999999999999938e+00
1.266666666666666774e-01
3.666666666666666685e-02
1.119999999999999885e+00
1.000000000000000021e-02
4.633333333333333193e-01
1.000000000000000021e-02
2.299999999999999822e-01
1.000000000000000021e-02
5.899999999999999689e-01
3.666666666666666685e-02
4.000000000000000083e-02
6.333333333333333870e-02
3.400000000000000244e-01
3.466666666666666785e-01
2.466666666666666730e-01
1.896666666666666723e+00
1.999999999999999833e-01
5.966666666666666785e-01
5.999999999999999778e-02
9.999999999999999167e-02
3.699999999999999400e-01
1.000000000000000021e-02
5.000000000000000971e-02
1.333333333333333419e-02
3.066666666666666430e-01
3.333333333333333287e-02
0.000000000000000000e+00
2.000000000000000042e-02
1.300000000000000044e-01
6.666666666666667095e-03
1.400000000000000133e-01
1.066666666666666458e-01
6.000000000000000472e-02
1.730000000000000204e+00
1.580000000000000071e+00
5.699999999999999512e-01
5.233333333333333171e-01
6.333333333333333870e-02
6.666666666666667095e-03
0.000000000000000000e+00
1.333333333333333419e-02
0.000000000000000000e+00
5.366666666666667362e-01
5.999999999999999778e-02
8.333333333333333703e-01
3.666666666666666685e-02
0.000000000000000000e+00
1.399999999999999856e-01
0.000000000000000000e+00
6.466666666666666119e-01
2.999999999999999889e-02
3.000000000000000444e-01
1.966666666666666563e-01
1.799999999999999656e-01
8.799999999999998934e-01
5.366666666666666252e-01
1.166666666666666546e-01
1.399999999999999856e-01
1.033333333333333326e-01
3.766666666666666496e-01
4.233333333333333393e-01
3.333333333333333148e-01
4.000000000000000083e-02
7.400000000000001021e-01
2.666666666666666838e-02
0.000000000000000000e+00
4.000000000000000083e-02
3.099999999999999978e-01
1.103333333333333277e+00
4.000000000000000083e-02
1.666666666666666644e-02
2.433333333333333182e-01
4.000000000000000083e-02
4.333333333333333481e-02
6.333333333333333037e-01
1.266666666666666774e-01
0.000000000000000000e+00
4.000000000000000083e-02
1.199999999999999956e-01
3.333333333333333547e-03
2.999999999999999889e-02
6.666666666666666574e-02
1.666666666666666644e-02
1.466666666666666397e-01
4.833333333333333370e-01
1.499999999999999944e-01
2.900000000000000355e-01
9.000000000000000222e-01
7.099999999999999645e-01
2.233333333333333004e-01
2.700000000000000178e-01
4.833333333333333925e-01
5.033333333333332993e-01
6.066666666666665764e-01
5.599999999999999423e-01
2.806666666666666643e+00
1.353333333333333499e+00
1.506666666666666821e+00
4.400000000000000022e-01
1.059999999999999831e+00
1.466666666666666674e-01
2.033333333333333381e-01
4.399999999999999467e-01
5.766666666666666607e-01
1.483333333333333393e+00
3.533333333333333326e-01
1.766666666666666663e-01
1.239999999999999991e+00
8.066666666666666430e-01
7.033333333333332549e-01
1.266666666666666774e-01
1.466666666666666785e+00
6.099999999999999867e-01
1.986666666666666581e+00
7.733333333333333171e-01
3.333333333333333547e-03
1.333333333333333315e-01
3.666666666666667379e-02
6.666666666666667095e-03
9.000000000000001055e-02
0.000000000000000000e+00
2.999999999999999889e-02
1.666666666666666644e-02
1.866666666666666474e-01
0.000000000000000000e+00
2.000000000000000042e-02
1.000000000000000021e-02
0.000000000000000000e+00
2.999999999999999889e-02
6.666666666666666574e-02
6.999999999999999278e-02
2.233333333333333559e-01
1.000000000000000021e-02
7.666666666666667462e-02
1.000000000000000194e-01
1.100000000000000006e-01
4.333333333333333481e-01
1.133333333333333526e+00
1.099999999999999867e+00
1.466666666666666674e-01
2.000000000000000042e-02
3.366666666666666696e-01
5.666666666666667074e-02
2.000000000000000042e-02
4.000000000000000777e-01
0.000000000000000000e+00
0.000000000000000000e+00
3.333333333333333287e-02
6.666666666666667095e-03
1.000000000000000021e-02
0.000000000000000000e+00
1.000000000000000021e-02
4.333333333333333481e-02
2.333333333333333440e-02
1.066666666666666735e-01
1.499999999999999944e-01
1.833333333333333481e-01
2.466666666666666730e-01
5.400000000000000355e-01
2.466666666666666730e-01
7.533333333333332993e-01
4.566666666666667207e-01
7.033333333333332549e-01
7.600000000000001199e-01
4.733333333333333282e-01
2.699999999999999623e-01
1.566666666666666485e-01
2.500000000000000000e-01
9.333333333333333759e-02
1.190000000000000169e+00
3.433333333333332682e-01
2.600000000000000089e-01
1.026666666666666616e+00
2.999999999999999889e-02
7.000000000000000666e-01
1.086666666666666670e+00
4.000000000000000083e-02
1.399999999999999856e-01
3.333333333333333547e-03
0.000000000000000000e+00
1.000000000000000021e-02
0.000000000000000000e+00
4.000000000000000083e-02
6.666666666666667095e-03
4.666666666666666879e-02
4.000000000000000083e-02
3.666666666666666685e-02
9.000000000000001055e-02
1.666666666666666644e-02
6.999999999999999278e-02
1.700000000000000122e-01
0.000000000000000000e+00
6.000000000000000472e-02
0.000000000000000000e+00
1.333333333333333315e-01
4.333333333333333481e-02
2.666666666666666838e-02
5.999999999999999778e-02
0.000000000000000000e+00
2.500000000000000000e-01
1.499999999999999944e-01
1.066666666666666735e-01
1.276666666666666616e+00
1.833333333333333259e+00
4.233333333333333393e-01
1.393333333333333313e+00
1.700000000000000122e-01
1.199999999999999956e-01
1.603333333333333499e+00
2.566666666666666541e-01
8.233333333333333615e-01
7.533333333333332993e-01
2.399999999999999911e-01
6.999999999999999278e-02
4.666666666666666879e-02
1.466666666666666674e-01
5.666666666666667074e-02
8.000000000000000167e-02
1.646666666666666501e+00
1.080000000000000071e+00
4.399999999999999467e+00
