7.299999999999999822e-01
4.433333333333333570e-01
1.066666666666666735e-01
6.000000000000000472e-02
5.666666666666666380e-02
0.000000000000000000e+00
2.299999999999999822e-01
2.000000000000000042e-02
5.999999999999999778e-01
7.933333333333333348e-01
3.333333333333333287e-02
2.666666666666666838e-02
2.300000000000000100e-01
3.333333333333333287e-02
1.033333333333333326e-01
7.333333333333334758e-02
2.333333333333333440e-02
1.333333333333333419e-02
1.366666666666666585e-01
7.700000000000000178e-01
1.366666666666666863e-01
9.100000000000000311e-01
3.099999999999999978e-01
1.300000000000000044e-01
4.000000000000000083e-02
1.333333333333333419e-02
2.333333333333333440e-02
7.000000000000000666e-02
1.666666666666666574e-01
1.000000000000000021e-02
3.333333333333333547e-03
2.666666666666666838e-02
4.000000000000000083e-02
2.799999999999999711e-01
1.666666666666666644e-02
8.666666666666666963e-02
6.066666666666666874e-01
1.499999999999999944e-01
1.900000000000000133e+00
2.766666666666666718e-01
1.700000000000000122e-01
1.899999999999999745e-01
3.433333333333333237e-01
1.333333333333333419e-02
2.099999999999999922e-01
1.000000000000000021e-02
2.299999999999999822e-01
2.333333333333333440e-02
2.800000000000000266e-01
1.833333333333333481e-01
8.000000000000000167e-02
1.733333333333333393e-01
2.133333333333333470e-01
2.066666666666666652e-01
1.016666666666666607e+00
1.536666666666666847e+00
7.666666666666667462e-02
4.000000000000000083e-02
3.766666666666667052e-01
2.600000000000000089e-01
6.333333333333333870e-02
4.000000000000000083e-02
2.433333333333333182e-01
2.999999999999999889e-02
1.466666666666666397e-01
1.066666666666666735e-01
4.333333333333333481e-02
2.399999999999999911e-01
1.899999999999999745e-01
1.050000000000000044e+00
2.333333333333333440e-02
1.179999999999999938e+00
5.266666666666667274e-01
8.333333333333332871e-02
1.110000000000000098e+00
4.666666666666666879e-02
2.633333333333333637e-01
7.999999999999999334e-01
5.166666666666667185e-01
8.333333333333332871e-02
1.300000000000000044e-01
4.699999999999999734e-01
4.000000000000000083e-02
7.000000000000000666e-02
0.000000000000000000e+00
4.333333333333333481e-02
3.800000000000000600e-01
5.666666666666667074e-02
5.533333333333333437e-01
1.000000000000000021e-02
0.000000000000000000e+00
3.333333333333333287e-02
2.766666666666666718e-01
9.333333333333333759e-02
1.733333333333333393e-01
1.983333333333333393e+00
4.933333333333333459e-01
1.000000000000000021e-02
4.666666666666666879e-02
1.000000000000000021e-02
5.666666666666667629e-01
3.333333333333333547e-03
3.333333333333333547e-03
1.666666666666666644e-02
1.333333333333333419e-02
2.233333333333333004e-01
3.066666666666666985e-01
1.766666666666666663e-01
1.066666666666666735e-01
6.333333333333333870e-02
4.333333333333333481e-02
7.000000000000000666e-02
5.400000000000000355e-01
9.666666666666667851e-02
7.000000000000000666e-01
1.733333333333333393e-01
3.800000000000000600e-01
2.900000000000000355e-01
0.000000000000000000e+00
4.333333333333333481e-02
6.333333333333333870e-02
6.133333333333332860e-01
2.866666666666666807e-01
2.666666666666666838e-02
2.033333333333333381e-01
2.766666666666666718e-01
6.666666666666666297e-01
1.433333333333333126e-01
1.159999999999999920e+00
8.333333333333333703e-01
8.333333333333332871e-02
3.966666666666666674e-01
2.166666666666666741e-01
1.600000000000000033e-01
1.350000000000000311e+00
7.000000000000000666e-01
1.673333333333333561e+00
4.233333333333333393e-01
5.133333333333333082e-01
7.266666666666666829e-01
9.666666666666666741e-01
3.166666666666666519e-01
4.299999999999999933e-01
1.466666666666666674e-01
5.666666666666666380e-02
1.366666666666666585e-01
1.000000000000000021e-02
4.133333333333333304e-01
8.000000000000000167e-02
1.000000000000000021e-02
3.666666666666666685e-02
1.600000000000000033e-01
4.666666666666666879e-02
1.766666666666666663e-01
1.183333333333333348e+00
1.666666666666666574e-01
5.833333333333333703e-01
1.116666666666666696e+00
3.899999999999999578e-01
2.999999999999999889e-01
3.033333333333332882e-01
1.300000000000000044e-01
3.799999999999999489e-01
1.150000000000000133e+00
1.066666666666666735e-01
1.666666666666666644e-02
6.566666666666667318e-01
1.333333333333333419e-02
3.600000000000000422e-01
1.000000000000000021e-02
1.766666666666666663e-01
1.333333333333333419e-02
5.933333333333333792e-01
1.666666666666666644e-02
4.000000000000000083e-02
1.666666666666666644e-02
1.400000000000000133e-01
2.333333333333333093e-01
8.666666666666666963e-02
8.900000000000000133e-01
2.733333333333333726e-01
5.733333333333332504e-01
2.800000000000000266e-01
8.666666666666666963e-02
3.066666666666666430e-01
2.000000000000000042e-02
9.000000000000001055e-02
6.666666666666667095e-03
2.966666666666666896e-01
4.333333333333333481e-02
0.000000000000000000e+00
9.333333333333333759e-02
1.533333333333333215e-01
6.666666666666666574e-02
1.166666666666666546e-01
2.000000000000000042e-02
8.333333333333332871e-02
2.169999999999999929e+00
1.036666666666666847e+00
7.599999999999998979e-01
8.933333333333334236e-01
4.333333333333333481e-02
2.000000000000000042e-02
1.000000000000000021e-02
5.999999999999999778e-02
1.333333333333333419e-02
7.333333333333333925e-01
5.333333333333333676e-02
1.436666666666666758e+00
4.666666666666666879e-02
0.000000000000000000e+00
2.666666666666666630e-01
0.000000000000000000e+00
7.000000000000000666e-01
1.333333333333333315e-01
3.533333333333333326e-01
3.800000000000000600e-01
2.700000000000000178e-01
1.353333333333333499e+00
1.576666666666666439e+00
2.299999999999999822e-01
4.000000000000000083e-02
3.666666666666666685e-02
8.466666666666666785e-01
1.033333333333333326e-01
1.600000000000000033e-01
7.333333333333333370e-02
8.566666666666665764e-01
1.333333333333333419e-02
0.000000000000000000e+00
0.000000000000000000e+00
4.666666666666666186e-01
1.310000000000000053e+00
3.300000000000000155e-01
1.333333333333333419e-02
7.233333333333332726e-01
1.333333333333333315e-01
1.300000000000000044e-01
1.066666666666666652e+00
2.900000000000000355e-01
2.899999999999999800e-01
3.333333333333333287e-02
3.333333333333333547e-03
0.000000000000000000e+00
1.099999999999999867e-01
7.399999999999998801e-01
5.999999999999999778e-01
1.863333333333333286e+00
1.846666666666666679e+00
9.999999999999999167e-02
1.833333333333333481e-01
2.333333333333333440e-02
0.000000000000000000e+00
1.666666666666666644e-02
0.000000000000000000e+00
5.333333333333333676e-02
1.000000000000000021e-02
5.666666666666666380e-02
1.333333333333333419e-02
7.000000000000000666e-02
3.333333333333333287e-02
8.666666666666666963e-02
2.000000000000000042e-02
3.333333333333333287e-02
0.000000000000000000e+00
8.333333333333332871e-02
1.633333333333333304e-01
1.233333333333333365e-01
2.000000000000000389e-01
2.166666666666666741e-01
1.666666666666666574e-01
8.233333333333332504e-01
6.233333333333334059e-01
1.733333333333333393e-01
9.666666666666666463e-02
3.899999999999999578e-01
1.966666666666666841e-01
6.333333333333333870e-02
7.700000000000000178e-01
1.666666666666666644e-02
2.666666666666666838e-02
4.000000000000000083e-02
2.333333333333333440e-02
1.000000000000000021e-02
2.666666666666666838e-02
1.333333333333333419e-02
0.000000000000000000e+00
3.333333333333333547e-03
3.333333333333333547e-03
5.999999999999999778e-02
6.333333333333333870e-02
2.533333333333333548e-01
9.566666666666666652e-01
3.899999999999999578e-01
6.633333333333334414e-01
1.866666666666666752e-01
5.033333333333332993e-01
4.833333333333333370e-01
1.016666666666666607e+00
2.366666666666666641e-01
2.066666666666666652e-01
1.040000000000000036e+00
2.633333333333333637e-01
4.433333333333333570e-01
2.533333333333333548e-01
8.000000000000000167e-02
4.799999999999999822e-01
4.666666666666666879e-02
5.400000000000000355e-01
3.666666666666667379e-02
1.666666666666666644e-02
4.000000000000000083e-02
1.666666666666666644e-02
0.000000000000000000e+00
1.000000000000000021e-02
0.000000000000000000e+00
1.333333333333333419e-02
1.666666666666666644e-02
2.666666666666666838e-02
5.333333333333334370e-02
1.199999999999999956e-01
7.333333333333334758e-02
4.000000000000000083e-02
9.333333333333333759e-02
9.000000000000001055e-02
2.000000000000000042e-02
2.000000000000000042e-02
1.000000000000000021e-02
8.666666666666666963e-02
1.166666666666666824e-01
1.266666666666666774e-01
1.266666666666666774e-01
5.666666666666666380e-02
1.300000000000000044e-01
2.433333333333333182e-01
7.000000000000000666e-02
1.226666666666666572e+00
2.963333333333333375e+00
4.733333333333333282e-01
1.363333333333333286e+00
1.233333333333333365e-01
7.333333333333333370e-02
1.723333333333333384e+00
3.333333333333333148e-01
1.636666666666666714e+00
7.099999999999999645e-01
3.566666666666666874e-01
6.666666666666666297e-01
2.099999999999999922e-01
2.966666666666666896e-01
1.333333333333333419e-02
4.000000000000000083e-02
2.033333333333333215e+00
8.266666666666666607e-01
2.483333333333332948e+00
