4.699999999999999734e-01
3.033333333333333437e-01
1.399999999999999856e-01
2.666666666666666838e-02
9.000000000000001055e-02
0.000000000000000000e+00
3.633333333333333415e-01
7.333333333333334758e-02
1.499999999999999944e-01
6.866666666666666474e-01
1.366666666666666585e-01
1.033333333333333326e-01
3.533333333333333326e-01
3.333333333333333287e-02
4.999999999999999584e-02
1.233333333333333365e-01
4.333333333333333481e-02
6.666666666666667095e-03
1.833333333333333481e-01
6.633333333333333304e-01
5.500000000000000444e-01
9.433333333333332460e-01
4.033333333333333215e-01
1.733333333333333393e-01
9.999999999999999167e-02
4.333333333333333481e-02
1.266666666666666774e-01
1.066666666666666735e-01
2.333333333333333093e-01
2.000000000000000042e-02
1.000000000000000021e-02
6.666666666666667095e-03
7.333333333333333370e-02
2.333333333333333093e-01
1.333333333333333419e-02
1.266666666666666774e-01
1.133333333333333304e+00
3.133333333333333526e-01
1.963333333333333153e+00
4.899999999999999911e-01
3.600000000000000422e-01
3.200000000000000067e-01
1.600000000000000033e-01
1.000000000000000021e-02
2.933333333333333348e-01
4.333333333333333481e-02
4.333333333333333481e-02
3.333333333333333287e-02
8.000000000000000167e-02
2.000000000000000042e-02
1.433333333333333404e-01
3.833333333333333037e-01
5.333333333333333676e-02
6.333333333333333870e-02
2.833333333333333259e-01
1.063333333333333242e+00
7.333333333333334758e-02
1.000000000000000021e-02
4.666666666666666879e-02
4.333333333333333481e-02
1.666666666666666644e-02
7.666666666666667462e-02
1.190000000000000169e+00
5.666666666666666380e-02
6.666666666666666574e-02
9.000000000000001055e-02
1.200000000000000094e-01
2.466666666666666730e-01
1.433333333333333404e-01
7.900000000000000355e-01
2.333333333333333093e-02
1.446666666666666545e+00
1.503333333333333188e+00
7.000000000000000666e-02
1.506666666666666821e+00
4.000000000000000083e-02
6.000000000000000472e-02
9.000000000000000222e-01
3.933333333333333126e-01
1.933333333333333570e-01
4.000000000000000083e-02
4.099999999999999756e-01
8.333333333333332871e-02
6.666666666666666574e-02
0.000000000000000000e+00
2.999999999999999889e-02
3.499999999999999223e-01
1.466666666666666674e-01
4.366666666666667029e-01
1.000000000000000021e-02
3.333333333333333547e-03
1.666666666666666644e-02
1.366666666666666863e-01
5.333333333333333676e-02
1.333333333333333315e-01
1.026666666666666616e+00
4.433333333333333570e-01
6.666666666666667095e-03
3.333333333333333287e-02
2.000000000000000042e-02
1.169999999999999929e+00
1.000000000000000021e-02
2.666666666666666838e-02
2.666666666666666838e-02
3.333333333333333547e-03
3.066666666666666430e-01
2.999999999999999889e-01
7.000000000000000666e-02
4.666666666666666879e-02
6.999999999999999278e-02
0.000000000000000000e+00
2.133333333333333470e-01
1.226666666666666572e+00
0.000000000000000000e+00
5.233333333333333171e-01
1.633333333333333304e-01
7.000000000000000666e-02
1.233333333333333365e-01
2.333333333333333093e-02
0.000000000000000000e+00
1.666666666666666574e-01
8.099999999999999423e-01
5.999999999999999778e-02
0.000000000000000000e+00
4.099999999999999756e-01
1.933333333333333293e-01
1.700000000000000122e-01
1.466666666666666397e-01
2.163333333333333552e+00
2.866666666666666807e-01
7.666666666666667462e-02
2.733333333333333726e-01
3.833333333333333037e-01
3.233333333333333059e-01
1.553333333333333455e+00
1.003333333333333188e+00
1.276666666666666616e+00
6.999999999999999278e-02
4.233333333333333393e-01
2.500000000000000000e-01
1.040000000000000036e+00
1.000000000000000194e-01
1.333333333333333315e-01
1.100000000000000006e-01
3.333333333333333148e-01
4.000000000000000083e-02
1.000000000000000021e-02
2.099999999999999922e-01
4.000000000000000083e-02
0.000000000000000000e+00
3.333333333333333287e-02
1.833333333333333204e-01
3.000000000000000236e-02
2.266666666666666552e-01
7.133333333333333748e-01
2.266666666666666552e-01
2.163333333333333552e+00
2.703333333333333144e+00
1.700000000000000122e-01
5.566666666666666430e-01
5.699999999999999512e-01
1.000000000000000194e-01
3.833333333333333037e-01
9.633333333333333748e-01
1.166666666666666546e-01
6.666666666666667095e-03
4.500000000000000111e-01
3.333333333333333547e-03
1.800000000000000211e-01
2.999999999999999889e-02
3.233333333333333059e-01
1.666666666666666644e-02
5.566666666666666430e-01
1.666666666666666644e-02
3.333333333333333547e-03
4.666666666666666879e-02
3.500000000000000333e-01
3.233333333333333059e-01
0.000000000000000000e+00
1.743333333333333401e+00
0.000000000000000000e+00
1.169999999999999929e+00
3.333333333333333287e-02
5.999999999999999778e-02
2.366666666666666918e-01
3.333333333333333547e-03
1.066666666666666735e-01
1.000000000000000021e-02
2.366666666666666641e-01
4.333333333333333481e-02
0.000000000000000000e+00
3.333333333333333287e-02
1.366666666666666863e-01
1.000000000000000021e-02
1.433333333333333404e-01
1.233333333333333365e-01
1.099999999999999867e-01
2.133333333333333304e+00
1.513333333333333419e+00
4.700000000000000289e-01
6.700000000000000400e-01
1.566666666666666485e-01
6.333333333333333870e-02
1.000000000000000021e-02
5.666666666666667074e-02
3.333333333333333547e-03
1.356666666666666687e+00
9.999999999999999167e-02
1.623333333333333295e+00
2.666666666666666838e-02
0.000000000000000000e+00
1.100000000000000006e-01
0.000000000000000000e+00
3.166666666666666519e-01
1.233333333333333365e-01
2.633333333333333082e-01
2.466666666666666730e-01
4.433333333333333570e-01
1.103333333333333277e+00
1.653333333333333321e+00
1.166666666666666824e-01
1.333333333333333419e-02
4.333333333333333481e-02
2.066666666666666652e-01
3.099999999999999978e-01
2.433333333333333182e-01
9.333333333333333759e-02
1.143333333333333313e+00
1.666666666666666644e-02
0.000000000000000000e+00
3.000000000000000236e-02
1.066666666666666735e-01
1.310000000000000053e+00
3.166666666666666519e-01
3.333333333333333547e-03
3.066666666666666985e-01
0.000000000000000000e+00
0.000000000000000000e+00
7.099999999999999645e-01
4.799999999999999822e-01
3.966666666666666674e-01
2.000000000000000042e-02
3.666666666666666685e-02
3.666666666666666685e-02
2.000000000000000042e-02
2.933333333333333348e-01
0.000000000000000000e+00
4.666666666666666879e-02
9.999999999999999167e-02
1.499999999999999944e-01
3.366666666666666141e-01
8.266666666666666607e-01
7.099999999999999645e-01
3.899999999999999578e-01
2.233333333333333559e-01
3.400000000000000244e-01
6.066666666666665764e-01
1.840000000000000080e+00
4.899999999999999911e-01
1.233333333333333393e+00
9.266666666666667496e-01
1.416666666666666741e+00
1.050000000000000044e+00
1.596666666666666679e+00
1.400000000000000133e-01
1.966666666666666841e-01
7.233333333333332726e-01
1.290000000000000036e+00
1.623333333333333295e+00
2.433333333333333182e-01
4.566666666666667207e-01
1.276666666666666616e+00
7.399999999999998801e-01
5.999999999999999778e-02
4.666666666666666879e-02
1.063333333333333242e+00
4.033333333333333215e-01
1.873333333333333295e+00
7.500000000000000000e-01
1.233333333333333365e-01
2.199999999999999734e-01
1.333333333333333419e-02
4.000000000000000083e-02
1.333333333333333315e-01
2.999999999999999889e-02
2.999999999999999889e-02
3.333333333333333547e-03
1.000000000000000021e-02
1.666666666666666644e-02
2.999999999999999889e-02
1.000000000000000021e-02
1.000000000000000021e-02
2.999999999999999889e-02
1.000000000000000194e-01
1.000000000000000021e-02
4.333333333333333481e-02
3.333333333333333287e-02
9.333333333333333759e-02
1.766666666666666663e-01
2.999999999999999889e-01
2.966666666666666341e-01
1.303333333333333455e+00
1.093333333333333268e+00
1.700000000000000122e-01
1.199999999999999956e-01
5.033333333333332993e-01
3.666666666666666963e-01
4.000000000000000083e-02
4.099999999999999756e-01
0.000000000000000000e+00
6.666666666666667095e-03
4.000000000000000083e-02
1.333333333333333419e-02
2.000000000000000042e-02
6.666666666666667095e-03
1.000000000000000021e-02
0.000000000000000000e+00
2.666666666666666838e-02
1.933333333333333570e-01
1.666666666666666574e-01
7.666666666666667462e-02
3.400000000000000244e-01
6.899999999999999467e-01
5.666666666666667629e-01
8.700000000000001066e-01
2.133333333333333470e-01
1.199999999999999956e-01
3.733333333333333504e-01
2.066666666666666652e-01
2.500000000000000000e-01
1.866666666666666752e-01
1.263333333333333419e+00
1.016666666666666607e+00
3.733333333333332948e-01
6.933333333333333570e-01
2.666666666666666838e-02
6.466666666666666119e-01
2.166666666666666741e-01
9.166666666666666297e-01
1.123333333333333295e+00
1.333333333333333315e-01
1.000000000000000000e+00
1.666666666666666644e-02
0.000000000000000000e+00
6.666666666666667095e-03
6.666666666666667095e-03
3.333333333333333287e-02
3.333333333333333547e-03
1.000000000000000021e-02
1.200000000000000094e-01
8.000000000000000167e-02
7.333333333333333370e-02
1.666666666666666644e-02
1.866666666666666474e-01
2.566666666666666541e-01
0.000000000000000000e+00
2.033333333333333381e-01
2.333333333333333440e-02
3.666666666666667379e-02
5.333333333333333676e-02
0.000000000000000000e+00
7.333333333333334758e-02
0.000000000000000000e+00
1.466666666666666674e-01
9.000000000000001055e-02
5.333333333333333676e-02
1.003333333333333188e+00
1.843333333333333490e+00
9.366666666666666474e-01
2.713333333333333375e+00
7.033333333333332549e-01
1.566666666666666485e-01
1.453333333333333366e+00
2.600000000000000089e-01
4.666666666666666186e-01
4.400000000000000022e-01
2.133333333333333470e-01
7.000000000000000666e-02
7.000000000000000666e-02
1.966666666666666841e-01
7.333333333333334758e-02
2.000000000000000042e-02
7.999999999999999334e-01
9.433333333333333570e-01
4.479999999999999538e+00
