5.799999999999999600e-01
3.266666666666666607e-01
1.733333333333333393e-01
3.333333333333333287e-02
3.666666666666666685e-02
0.000000000000000000e+00
4.766666666666666274e-01
6.000000000000000472e-02
3.499999999999999223e-01
1.213333333333333153e+00
3.066666666666666430e-01
3.266666666666666607e-01
2.133333333333333470e-01
1.000000000000000021e-02
1.333333333333333419e-02
3.533333333333333326e-01
1.333333333333333419e-02
2.333333333333333440e-02
7.000000000000000666e-02
8.599999999999999867e-01
1.533333333333333215e-01
1.416666666666666741e+00
1.033333333333333326e-01
9.000000000000001055e-02
8.333333333333332871e-02
9.666666666666666463e-02
1.033333333333333326e-01
5.999999999999999778e-02
1.199999999999999956e-01
7.666666666666667462e-02
1.333333333333333419e-02
4.000000000000000083e-02
1.000000000000000021e-02
4.433333333333333570e-01
2.333333333333333440e-02
8.999999999999998279e-02
5.833333333333333703e-01
5.333333333333333676e-02
1.246666666666666812e+00
2.900000000000000355e-01
3.833333333333333037e-01
1.566666666666666485e-01
2.199999999999999734e-01
0.000000000000000000e+00
2.066666666666666652e-01
2.333333333333333093e-02
5.666666666666667074e-02
9.999999999999999167e-02
2.033333333333333381e-01
9.666666666666667851e-02
8.333333333333332871e-02
1.366666666666666863e-01
2.466666666666666730e-01
4.099999999999999756e-01
2.666666666666666630e-01
1.423333333333333561e+00
8.000000000000000167e-02
2.666666666666666838e-02
3.933333333333333126e-01
2.099999999999999922e-01
8.000000000000000167e-02
4.333333333333333481e-02
1.443333333333333357e+00
1.300000000000000044e-01
5.666666666666666380e-02
6.666666666666666574e-02
5.666666666666666380e-02
1.066666666666666735e-01
2.233333333333333559e-01
1.063333333333333242e+00
3.666666666666667379e-02
1.773333333333333428e+00
1.410000000000000142e+00
2.666666666666666838e-02
1.723333333333333384e+00
6.666666666666666574e-02
1.433333333333333404e-01
1.333333333333333259e+00
3.466666666666666785e-01
3.833333333333333037e-01
2.200000000000000011e-01
6.166666666666666963e-01
2.333333333333333440e-02
1.233333333333333365e-01
3.333333333333333547e-03
2.666666666666666838e-02
2.733333333333333726e-01
4.999999999999999584e-02
3.566666666666666319e-01
6.666666666666667095e-03
0.000000000000000000e+00
0.000000000000000000e+00
1.600000000000000033e-01
5.333333333333334370e-02
3.466666666666666785e-01
1.743333333333333401e+00
1.189999999999999947e+00
3.666666666666667379e-02
9.999999999999999167e-02
2.000000000000000042e-02
1.006666666666666821e+00
0.000000000000000000e+00
1.000000000000000021e-02
3.333333333333333547e-03
6.666666666666667095e-03
3.999999999999999667e-01
3.099999999999999978e-01
3.433333333333333237e-01
9.333333333333333759e-02
5.999999999999999778e-02
0.000000000000000000e+00
7.666666666666666075e-02
4.033333333333333215e-01
1.466666666666666952e-01
1.040000000000000036e+00
1.533333333333333215e-01
1.000000000000000194e-01
4.000000000000000083e-02
2.000000000000000042e-02
4.000000000000000083e-02
4.666666666666666879e-02
7.399999999999998801e-01
3.333333333333333287e-02
1.333333333333333419e-02
1.466666666666666674e-01
7.333333333333333370e-02
1.633333333333333304e-01
1.233333333333333365e-01
1.046666666666666634e+00
7.999999999999999334e-01
1.066666666666666735e-01
2.199999999999999734e-01
5.833333333333333703e-01
4.566666666666666097e-01
1.500000000000000000e+00
7.866666666666667362e-01
1.356666666666666687e+00
7.533333333333332993e-01
2.299999999999999822e-01
1.899999999999999745e-01
8.900000000000000133e-01
1.633333333333333304e-01
5.233333333333333171e-01
1.100000000000000006e-01
2.466666666666666730e-01
2.066666666666666652e-01
1.000000000000000021e-02
3.800000000000000600e-01
2.666666666666666838e-02
2.333333333333333440e-02
4.999999999999999584e-02
2.399999999999999911e-01
1.099999999999999867e-01
2.899999999999999800e-01
9.733333333333332726e-01
2.999999999999999889e-01
1.466666666666666785e+00
1.906666666666666510e+00
1.466666666666666397e-01
1.050000000000000044e+00
2.633333333333333637e-01
2.466666666666666730e-01
4.333333333333333481e-01
1.070000000000000062e+00
2.333333333333333093e-01
4.000000000000000083e-02
2.966666666666666341e-01
0.000000000000000000e+00
1.300000000000000044e-01
2.999999999999999889e-02
3.066666666666666430e-01
0.000000000000000000e+00
8.233333333333332504e-01
5.666666666666667074e-02
9.666666666666667851e-02
5.666666666666667074e-02
2.700000000000000178e-01
3.666666666666666408e-01
1.099999999999999867e-01
8.866666666666667140e-01
6.333333333333333870e-02
1.266666666666666607e+00
2.166666666666666741e-01
2.433333333333333182e-01
2.500000000000000000e-01
0.000000000000000000e+00
4.333333333333333481e-02
1.333333333333333419e-02
2.099999999999999922e-01
1.666666666666666644e-02
2.000000000000000042e-02
5.000000000000000971e-02
2.466666666666666730e-01
5.000000000000000971e-02
1.000000000000000194e-01
1.233333333333333365e-01
3.200000000000000067e-01
1.669999999999999929e+00
2.029999999999999805e+00
7.299999999999999822e-01
1.270000000000000018e+00
1.166666666666666546e-01
1.433333333333333404e-01
0.000000000000000000e+00
2.433333333333333182e-01
6.666666666666667095e-03
1.330000000000000071e+00
3.666666666666665991e-02
1.030000000000000027e+00
7.666666666666666075e-02
0.000000000000000000e+00
9.999999999999999167e-02
0.000000000000000000e+00
3.166666666666666519e-01
1.266666666666666774e-01
1.500000000000000222e-01
3.233333333333333615e-01
2.766666666666666718e-01
9.633333333333332638e-01
1.183333333333333348e+00
2.299999999999999822e-01
4.000000000000000083e-02
5.333333333333333676e-02
6.866666666666665364e-01
2.200000000000000011e-01
2.299999999999999822e-01
4.333333333333333481e-02
6.800000000000000488e-01
1.366666666666666863e-01
0.000000000000000000e+00
2.333333333333333440e-02
1.166666666666666546e-01
1.290000000000000036e+00
2.333333333333333440e-02
0.000000000000000000e+00
2.066666666666666652e-01
8.333333333333332871e-02
0.000000000000000000e+00
6.933333333333333570e-01
4.700000000000000289e-01
5.566666666666666430e-01
1.433333333333333404e-01
3.333333333333333287e-02
1.066666666666666735e-01
5.666666666666666380e-02
1.966666666666666563e-01
1.666666666666666644e-02
8.000000000000000167e-02
2.899999999999999800e-01
1.333333333333333419e-02
6.333333333333333870e-02
1.766666666666666663e-01
3.966666666666666674e-01
1.300000000000000044e-01
1.999999999999999833e-01
5.933333333333333792e-01
1.933333333333333570e-01
8.966666666666666119e-01
3.600000000000000422e-01
1.500000000000000000e+00
6.866666666666666474e-01
1.546666666666666856e+00
9.466666666666666563e-01
1.936666666666666758e+00
1.533333333333333492e-01
6.099999999999999867e-01
6.766666666666667496e-01
4.933333333333333459e-01
1.553333333333333455e+00
3.333333333333333287e-02
2.233333333333333559e-01
6.500000000000000222e-01
1.186666666666666758e+00
3.866666666666666585e-01
9.666666666666667851e-02
2.313333333333333020e+00
3.800000000000000600e-01
1.286666666666666625e+00
1.123333333333333295e+00
2.233333333333333004e-01
1.666666666666666574e-01
4.666666666666666879e-02
3.333333333333333547e-03
4.000000000000000083e-02
0.000000000000000000e+00
3.666666666666665991e-02
6.666666666666667095e-03
2.000000000000000042e-02
0.000000000000000000e+00
2.666666666666666838e-02
4.000000000000000083e-02
1.300000000000000044e-01
1.000000000000000021e-02
2.166666666666666741e-01
4.333333333333333481e-02
2.299999999999999822e-01
1.000000000000000021e-02
1.066666666666666735e-01
2.033333333333333381e-01
9.000000000000001055e-02
9.333333333333333759e-02
1.303333333333333455e+00
1.116666666666666696e+00
1.266666666666666774e-01
6.666666666666667095e-03
3.400000000000000244e-01
6.000000000000000472e-02
0.000000000000000000e+00
4.099999999999999756e-01
0.000000000000000000e+00
4.333333333333333481e-02
2.000000000000000042e-02
0.000000000000000000e+00
1.666666666666666644e-02
0.000000000000000000e+00
0.000000000000000000e+00
1.333333333333333419e-02
9.333333333333333759e-02
7.666666666666667462e-02
5.333333333333333676e-02
3.333333333333333287e-02
1.133333333333333415e-01
1.526666666666666616e+00
2.866666666666666807e-01
4.199999999999999845e-01
9.666666666666667851e-02
6.900000000000000577e-01
8.733333333333331838e-01
3.933333333333333126e-01
2.666666666666666630e-01
1.666666666666666574e-01
4.433333333333333015e-01
1.100000000000000006e-01
7.233333333333332726e-01
5.733333333333333615e-01
1.633333333333333304e-01
1.296666666666666634e+00
9.666666666666666463e-02
3.233333333333333059e-01
7.099999999999999645e-01
3.666666666666666685e-02
3.600000000000000422e-01
1.333333333333333419e-02
0.000000000000000000e+00
0.000000000000000000e+00
0.000000000000000000e+00
2.000000000000000042e-02
0.000000000000000000e+00
1.333333333333333419e-02
2.633333333333333637e-01
3.666666666666667379e-02
2.366666666666666918e-01
5.666666666666666380e-02
6.333333333333333870e-02
1.433333333333333126e-01
2.666666666666666838e-02
2.866666666666666807e-01
4.666666666666666879e-02
6.666666666666666574e-02
2.000000000000000042e-02
4.000000000000000083e-02
3.800000000000000600e-01
1.166666666666666546e-01
2.433333333333333182e-01
1.333333333333333419e-02
4.666666666666666879e-02
9.666666666666667851e-01
2.300000000000000266e+00
2.633333333333333637e-01
2.773333333333333428e+00
1.966666666666666841e-01
6.999999999999999278e-02
1.356666666666666687e+00
1.066666666666666735e-01
3.099999999999999978e-01
5.999999999999999778e-01
2.333333333333333093e-01
2.500000000000000000e-01
1.733333333333333393e-01
3.133333333333332971e-01
2.666666666666666838e-02
2.666666666666666838e-02
1.426666666666666750e+00
1.650000000000000133e+00
2.633333333333333304e+00
