1.086666666666666670e+00
6.033333333333333881e-01
1.700000000000000122e-01
1.033333333333333326e-01
2.666666666666666838e-02
1.000000000000000021e-02
1.899999999999999745e-01
3.333333333333333547e-03
3.799999999999999489e-01
1.300000000000000044e+00
8.666666666666666963e-02
1.399999999999999856e-01
2.500000000000000000e-01
2.366666666666666641e-01
2.033333333333333381e-01
3.366666666666666696e-01
6.666666666666666574e-02
9.666666666666666463e-02
8.000000000000000167e-02
1.566666666666666485e-01
2.066666666666666374e-01
8.633333333333332860e-01
2.233333333333333559e-01
4.000000000000000083e-02
9.000000000000001055e-02
4.000000000000000083e-02
9.000000000000001055e-02
4.666666666666666879e-02
1.399999999999999856e-01
7.333333333333334758e-02
6.333333333333333870e-02
4.333333333333333481e-02
5.666666666666667074e-02
2.666666666666666630e-01
0.000000000000000000e+00
6.666666666666666574e-02
7.266666666666666829e-01
2.166666666666666741e-01
1.246666666666666812e+00
1.533333333333333215e-01
1.566666666666666763e-01
1.666666666666666574e-01
7.333333333333333370e-02
3.333333333333333547e-03
7.333333333333333370e-02
6.666666666666667095e-03
2.033333333333333381e-01
1.266666666666666774e-01
1.033333333333333465e-01
2.833333333333333259e-01
4.666666666666666879e-02
2.266666666666666552e-01
1.033333333333333326e-01
3.666666666666666963e-01
2.033333333333333381e-01
1.276666666666666616e+00
9.333333333333333759e-02
1.233333333333333365e-01
3.433333333333333237e-01
2.133333333333333470e-01
7.666666666666666075e-02
4.999999999999999584e-02
1.026666666666666616e+00
2.666666666666666838e-02
1.066666666666666735e-01
9.666666666666667851e-02
5.666666666666666380e-02
2.933333333333333903e-01
1.366666666666666585e-01
9.033333333333333215e-01
0.000000000000000000e+00
7.766666666666667274e-01
1.020000000000000018e+00
1.000000000000000021e-02
3.866666666666667140e-01
1.300000000000000044e-01
5.333333333333333676e-02
7.200000000000000844e-01
1.499999999999999944e-01
3.333333333333333287e-02
4.666666666666666879e-02
3.366666666666666696e-01
7.333333333333334758e-02
1.433333333333333404e-01
3.333333333333333547e-03
1.000000000000000021e-02
1.633333333333333304e-01
2.666666666666666838e-02
5.566666666666666430e-01
2.333333333333333440e-02
1.000000000000000021e-02
1.000000000000000021e-02
3.400000000000000244e-01
6.333333333333333870e-02
1.533333333333333215e-01
2.146666666666666945e+00
5.400000000000000355e-01
2.333333333333333440e-02
9.333333333333333759e-02
2.666666666666666838e-02
7.933333333333333348e-01
0.000000000000000000e+00
6.666666666666667095e-03
1.000000000000000021e-02
0.000000000000000000e+00
7.666666666666666075e-02
2.733333333333333171e-01
1.666666666666666574e-01
1.833333333333333481e-01
8.000000000000000167e-02
3.333333333333333547e-03
8.000000000000000167e-02
4.799999999999999822e-01
4.000000000000000083e-02
2.200000000000000011e-01
2.666666666666666630e-01
6.333333333333333870e-02
2.000000000000000042e-02
7.000000000000000666e-02
2.000000000000000042e-02
3.500000000000000333e-01
1.113333333333333286e+00
3.333333333333333547e-03
1.333333333333333419e-02
2.033333333333333381e-01
5.333333333333333676e-02
3.333333333333333287e-02
2.666666666666666838e-02
1.313333333333333464e+00
2.533333333333333548e-01
6.333333333333333870e-02
1.233333333333333365e-01
5.233333333333333171e-01
3.299999999999999600e-01
8.099999999999999423e-01
5.566666666666666430e-01
1.366666666666666918e+00
2.299999999999999822e-01
1.400000000000000133e-01
5.666666666666666380e-02
1.320000000000000062e+00
1.166666666666666546e-01
9.333333333333332371e-01
1.166666666666666546e-01
2.066666666666666652e-01
1.666666666666666644e-02
1.333333333333333419e-02
2.333333333333333093e-01
2.333333333333333440e-02
2.666666666666666838e-02
1.300000000000000044e-01
1.133333333333333276e-01
3.666666666666666685e-02
2.066666666666666652e-01
1.103333333333333277e+00
1.499999999999999944e-01
1.113333333333333508e+00
1.156666666666666732e+00
3.500000000000000333e-01
6.733333333333333393e-01
7.500000000000000000e-01
3.333333333333333287e-02
3.666666666666666408e-01
4.966666666666666452e-01
1.666666666666666644e-02
3.666666666666667379e-02
3.400000000000000244e-01
0.000000000000000000e+00
1.033333333333333326e-01
6.333333333333333870e-02
3.366666666666666141e-01
0.000000000000000000e+00
4.266666666666666941e-01
2.666666666666666838e-02
1.666666666666666644e-02
5.000000000000000971e-02
4.733333333333333282e-01
3.599999999999999312e-01
1.333333333333333315e-01
8.633333333333332860e-01
2.000000000000000042e-02
9.433333333333333570e-01
1.533333333333333215e-01
1.499999999999999944e-01
1.366666666666666863e-01
1.333333333333333419e-02
5.666666666666666380e-02
1.000000000000000021e-02
4.033333333333333215e-01
4.333333333333333481e-02
3.333333333333333547e-03
4.666666666666666879e-02
2.166666666666666741e-01
1.333333333333333419e-02
2.666666666666666838e-02
4.666666666666666879e-02
1.266666666666666774e-01
1.949999999999999956e+00
8.566666666666665764e-01
2.900000000000000355e-01
8.033333333333333437e-01
2.666666666666666838e-02
3.666666666666667379e-02
0.000000000000000000e+00
1.199999999999999956e-01
1.333333333333333419e-02
1.260000000000000009e+00
2.999999999999999889e-02
1.126666666666666705e+00
9.000000000000001055e-02
0.000000000000000000e+00
2.700000000000000178e-01
0.000000000000000000e+00
3.633333333333333415e-01
1.100000000000000006e-01
3.433333333333333237e-01
2.666666666666666630e-01
1.833333333333333481e-01
5.400000000000000355e-01
3.433333333333333237e-01
9.000000000000001055e-02
6.666666666666667095e-03
5.999999999999999778e-02
3.799999999999999489e-01
2.866666666666666807e-01
8.666666666666666963e-02
1.100000000000000006e-01
7.366666666666666918e-01
1.199999999999999956e-01
2.766666666666666718e-01
1.800000000000000211e-01
2.999999999999999889e-02
1.833333333333333481e-01
3.499999999999999223e-01
6.500000000000000222e-01
2.366666666666666641e-01
4.500000000000000111e-01
3.866666666666667140e-01
1.133333333333333276e-01
4.099999999999999756e-01
7.000000000000000666e-02
1.033333333333333326e-01
1.190000000000000169e+00
7.000000000000000666e-02
8.000000000000000167e-02
1.400000000000000133e-01
3.533333333333333326e-01
6.666666666666667095e-03
2.566666666666666541e-01
1.100000000000000006e-01
1.033333333333333326e-01
1.199999999999999956e-01
4.433333333333333570e-01
4.733333333333333282e-01
9.433333333333333570e-01
5.099999999999998979e-01
2.790000000000000480e+00
6.866666666666666474e-01
1.776666666666666616e+00
5.333333333333333259e-01
1.669999999999999929e+00
1.533333333333333215e-01
1.299999999999999767e-01
1.700000000000000122e-01
8.900000000000000133e-01
1.713333333333333597e+00
5.999999999999999778e-02
2.933333333333333348e-01
1.383333333333333526e+00
4.599999999999999645e-01
0.000000000000000000e+00
4.333333333333333481e-02
1.669999999999999929e+00
5.633333333333333526e-01
1.206666666666666776e+00
5.933333333333333792e-01
9.666666666666667851e-02
1.766666666666666663e-01
1.000000000000000021e-02
0.000000000000000000e+00
1.066666666666666735e-01
0.000000000000000000e+00
5.333333333333333676e-02
1.000000000000000021e-02
3.133333333333332971e-01
1.666666666666666644e-02
1.533333333333333492e-01
4.000000000000000083e-02
1.466666666666666952e-01
2.000000000000000042e-02
2.566666666666666541e-01
1.100000000000000006e-01
7.333333333333333370e-02
2.800000000000000266e-01
1.633333333333333304e-01
2.333333333333333093e-01
1.633333333333333304e-01
7.333333333333334758e-02
3.266666666666666607e-01
1.020000000000000018e+00
1.333333333333333315e-01
6.666666666666666574e-02
2.866666666666666807e-01
4.000000000000000083e-02
2.999999999999999889e-02
5.066666666666667096e-01
9.666666666666667851e-02
3.333333333333333287e-02
1.000000000000000021e-02
5.999999999999999778e-02
5.000000000000000971e-02
3.300000000000000155e-01
3.333333333333333287e-02
3.333333333333333547e-03
2.666666666666666838e-02
1.466666666666666674e-01
1.133333333333333276e-01
1.766666666666666663e-01
3.333333333333333148e-01
5.266666666666667274e-01
6.933333333333333570e-01
6.933333333333333570e-01
4.033333333333333215e-01
3.966666666666666674e-01
7.500000000000000000e-01
4.033333333333333215e-01
2.666666666666666630e-01
1.366666666666666863e-01
6.199999999999999956e-01
4.733333333333333282e-01
2.233333333333332948e+00
6.566666666666666208e-01
2.966666666666666896e-01
1.186666666666666758e+00
1.099999999999999867e-01
1.340000000000000080e+00
9.933333333333331794e-01
1.733333333333333393e-01
7.500000000000000000e-01
7.666666666666667462e-02
6.666666666666666574e-02
6.666666666666667095e-03
0.000000000000000000e+00
1.000000000000000021e-02
3.333333333333333547e-03
1.000000000000000021e-02
4.000000000000000083e-02
7.666666666666667462e-02
8.666666666666666963e-02
0.000000000000000000e+00
8.666666666666666963e-02
6.666666666666667095e-03
0.000000000000000000e+00
3.333333333333333287e-02
5.666666666666666380e-02
9.333333333333333759e-02
3.666666666666667379e-02
9.333333333333333759e-02
5.000000000000000971e-02
3.333333333333333547e-03
1.833333333333333481e-01
1.700000000000000122e-01
3.366666666666666696e-01
1.793333333333333224e+00
3.279999999999999805e+00
2.100000000000000089e+00
6.466666666666666119e-01
4.733333333333333282e-01
3.300000000000000155e-01
2.726666666666666572e+00
1.156666666666666510e+00
4.133333333333333304e-01
3.766666666666667052e-01
4.133333333333333304e-01
3.200000000000000067e-01
7.333333333333334758e-02
1.000000000000000021e-02
0.000000000000000000e+00
1.000000000000000021e-02
9.566666666666666652e-01
1.399999999999999856e-01
2.853333333333333499e+00
