4.233333333333333393e-01
3.533333333333333326e-01
2.433333333333333737e-01
4.666666666666666879e-02
8.000000000000000167e-02
0.000000000000000000e+00
3.133333333333332971e-01
6.666666666666667095e-03
2.199999999999999734e-01
1.860000000000000098e+00
3.133333333333332971e-01
2.433333333333333182e-01
2.300000000000000100e-01
5.000000000000000971e-02
1.100000000000000006e-01
1.000000000000000021e-02
0.000000000000000000e+00
3.333333333333333547e-03
1.866666666666666474e-01
7.966666666666667451e-01
2.866666666666666807e-01
1.596666666666666679e+00
2.233333333333333004e-01
9.333333333333333759e-02
6.666666666666666574e-02
6.666666666666667095e-03
2.666666666666666838e-02
4.333333333333333481e-02
5.333333333333333676e-02
4.000000000000000083e-02
0.000000000000000000e+00
1.333333333333333419e-02
2.000000000000000042e-02
4.433333333333333570e-01
3.333333333333333547e-03
1.033333333333333326e-01
8.499999999999999778e-01
2.099999999999999922e-01
8.766666666666665941e-01
5.699999999999999512e-01
1.666666666666666574e-01
1.466666666666666397e-01
1.799999999999999656e-01
1.000000000000000021e-02
3.233333333333333615e-01
2.000000000000000042e-02
2.899999999999999800e-01
2.999999999999999889e-02
2.800000000000000266e-01
1.633333333333333304e-01
1.100000000000000006e-01
3.066666666666666430e-01
4.633333333333333748e-01
2.800000000000000266e-01
5.699999999999999512e-01
1.340000000000000080e+00
1.033333333333333326e-01
7.666666666666667462e-02
1.400000000000000133e-01
1.300000000000000044e-01
6.666666666666666574e-02
6.999999999999999278e-02
5.966666666666666785e-01
2.666666666666666838e-02
6.333333333333333870e-02
1.233333333333333365e-01
1.200000000000000094e-01
2.733333333333333726e-01
5.333333333333333676e-02
1.033333333333333215e+00
1.000000000000000021e-02
1.913333333333333330e+00
1.910000000000000142e+00
2.333333333333333093e-02
1.590000000000000080e+00
4.999999999999999584e-02
2.000000000000000042e-02
1.499999999999999944e-01
4.000000000000000083e-02
3.333333333333333547e-03
1.000000000000000021e-02
3.499999999999999223e-01
6.666666666666666574e-02
1.233333333333333365e-01
0.000000000000000000e+00
2.999999999999999889e-02
1.966666666666666563e-01
5.333333333333333676e-02
4.233333333333333393e-01
0.000000000000000000e+00
6.666666666666667095e-03
3.666666666666666685e-02
1.066666666666666735e-01
8.666666666666666963e-02
1.399999999999999856e-01
1.780000000000000027e+00
5.533333333333333437e-01
4.333333333333333481e-02
1.033333333333333326e-01
2.000000000000000042e-02
1.433333333333333348e+00
0.000000000000000000e+00
3.333333333333333547e-03
3.000000000000000236e-02
2.333333333333333440e-02
4.599999999999999645e-01
3.333333333333333148e-01
9.999999999999999167e-02
9.666666666666667851e-02
1.000000000000000194e-01
4.666666666666666879e-02
7.000000000000000666e-02
2.666666666666666630e-01
1.333333333333333419e-02
2.566666666666666541e-01
1.633333333333333304e-01
1.333333333333333419e-02
2.000000000000000042e-02
4.333333333333333481e-02
3.333333333333333547e-03
3.066666666666666985e-01
8.599999999999999867e-01
1.300000000000000044e-01
2.466666666666666730e-01
5.166666666666667185e-01
1.666666666666666644e-02
2.366666666666666641e-01
8.000000000000000167e-02
2.076666666666666661e+00
8.333333333333333703e-01
4.133333333333333859e-01
6.533333333333333215e-01
8.833333333333333037e-01
3.133333333333332971e-01
7.466666666666665897e-01
5.233333333333333171e-01
1.150000000000000133e+00
2.333333333333333093e-01
4.999999999999999584e-02
2.466666666666666730e-01
8.566666666666665764e-01
2.933333333333333348e-01
1.060000000000000053e+00
1.233333333333333365e-01
1.633333333333333304e-01
6.666666666666666574e-02
2.666666666666666838e-02
1.433333333333333404e-01
2.666666666666666838e-02
1.333333333333333419e-02
9.000000000000001055e-02
1.433333333333333404e-01
1.300000000000000044e-01
1.733333333333333393e-01
1.216666666666666563e+00
3.233333333333333059e-01
2.979999999999999982e+00
2.346666666666666234e+00
2.199999999999999734e-01
4.133333333333333304e-01
4.833333333333333370e-01
1.700000000000000122e-01
4.633333333333333748e-01
1.253333333333333410e+00
2.999999999999999889e-02
4.666666666666666879e-02
3.066666666666666985e-01
1.000000000000000021e-02
5.000000000000000971e-02
2.666666666666666838e-02
3.666666666666666963e-01
0.000000000000000000e+00
4.899999999999999911e-01
2.999999999999999889e-02
5.000000000000000971e-02
2.666666666666666838e-02
2.866666666666666807e-01
2.600000000000000089e-01
1.800000000000000211e-01
1.290000000000000036e+00
4.333333333333333481e-02
4.233333333333333393e-01
2.000000000000000042e-02
1.666666666666666574e-01
4.866666666666666363e-01
0.000000000000000000e+00
6.666666666666666574e-02
3.333333333333333547e-03
6.666666666666666574e-02
5.000000000000000971e-02
3.333333333333333547e-03
2.000000000000000042e-02
2.433333333333333182e-01
5.999999999999999778e-02
1.199999999999999956e-01
8.000000000000000167e-02
5.666666666666666380e-02
1.343333333333333490e+00
1.593333333333333490e+00
7.433333333333332904e-01
1.066666666666666652e+00
1.166666666666666546e-01
6.666666666666667095e-03
1.000000000000000021e-02
1.199999999999999956e-01
0.000000000000000000e+00
1.000000000000000000e+00
3.666666666666666685e-02
7.999999999999999334e-01
4.333333333333333481e-02
0.000000000000000000e+00
1.566666666666666485e-01
0.000000000000000000e+00
0.000000000000000000e+00
2.999999999999999889e-02
2.633333333333333637e-01
2.799999999999999711e-01
2.333333333333333093e-01
7.066666666666666652e-01
5.833333333333333703e-01
1.766666666666666663e-01
2.666666666666666838e-02
9.000000000000001055e-02
5.599999999999999423e-01
3.400000000000000244e-01
1.666666666666666574e-01
7.000000000000000666e-02
6.566666666666667318e-01
1.666666666666666644e-02
2.000000000000000042e-02
2.766666666666666718e-01
8.733333333333334059e-01
4.333333333333333481e-01
5.399999999999999245e-01
2.166666666666666741e-01
1.566666666666666763e-01
5.300000000000000266e-01
3.533333333333333326e-01
1.089999999999999858e+00
6.333333333333333037e-01
1.566666666666666485e-01
3.533333333333333326e-01
2.333333333333333440e-02
3.666666666666667379e-02
8.333333333333332871e-02
8.066666666666666430e-01
6.666666666666667095e-03
8.333333333333332871e-02
5.666666666666667074e-02
1.233333333333333365e-01
6.666666666666666574e-02
3.433333333333333237e-01
7.866666666666666252e-01
5.999999999999999778e-02
2.833333333333333814e-01
3.899999999999999578e-01
6.500000000000000222e-01
7.200000000000000844e-01
5.100000000000001199e-01
1.739999999999999991e+00
1.090000000000000080e+00
2.086666666666666448e+00
5.266666666666667274e-01
2.983333333333332948e+00
4.333333333333333481e-02
8.333333333333332871e-02
1.166666666666666546e-01
6.800000000000000488e-01
1.086666666666666670e+00
1.433333333333333404e-01
2.800000000000000266e-01
1.513333333333333419e+00
8.666666666666666963e-01
1.833333333333333481e-01
2.666666666666666838e-02
1.280000000000000027e+00
3.433333333333332682e-01
1.969999999999999973e+00
4.333333333333332926e-01
0.000000000000000000e+00
9.666666666666667851e-02
0.000000000000000000e+00
1.000000000000000021e-02
7.666666666666666075e-02
0.000000000000000000e+00
1.000000000000000021e-02
1.000000000000000021e-02
1.100000000000000006e-01
2.333333333333333093e-02
1.333333333333333315e-01
1.000000000000000021e-02
3.066666666666666430e-01
0.000000000000000000e+00
1.300000000000000044e-01
2.000000000000000042e-02
4.666666666666666879e-02
1.333333333333333419e-02
1.033333333333333326e-01
1.833333333333333481e-01
1.166666666666666546e-01
1.433333333333333404e-01
7.133333333333333748e-01
1.230000000000000204e+00
5.000000000000000971e-02
2.000000000000000042e-02
2.366666666666666918e-01
1.199999999999999956e-01
0.000000000000000000e+00
6.899999999999999467e-01
3.333333333333333547e-03
8.333333333333332871e-02
1.666666666666666644e-02
6.333333333333333870e-02
5.000000000000000971e-02
4.000000000000000083e-02
7.666666666666667462e-02
0.000000000000000000e+00
1.000000000000000021e-02
2.999999999999999889e-02
8.666666666666666963e-02
1.366666666666666863e-01
3.233333333333333059e-01
6.533333333333333215e-01
1.499999999999999944e-01
6.400000000000000133e-01
1.466666666666666674e-01
2.399999999999999911e-01
2.800000000000000266e-01
3.500000000000000333e-01
1.999999999999999833e-01
4.666666666666666879e-02
2.999999999999999889e-01
2.999999999999999889e-01
7.333333333333333925e-01
6.866666666666666474e-01
2.233333333333333559e-01
5.899999999999999689e-01
8.333333333333332871e-02
4.000000000000000777e-01
1.479999999999999760e+00
6.000000000000000472e-02
9.733333333333332726e-01
2.666666666666666838e-02
6.666666666666667095e-03
1.000000000000000021e-02
0.000000000000000000e+00
1.666666666666666644e-02
3.333333333333333547e-03
2.999999999999999889e-02
1.266666666666666774e-01
2.066666666666666652e-01
1.866666666666666752e-01
0.000000000000000000e+00
7.000000000000000666e-02
4.666666666666666879e-02
3.333333333333333547e-03
6.333333333333333870e-02
1.333333333333333419e-02
1.233333333333333365e-01
2.333333333333333440e-02
3.333333333333333287e-02
1.033333333333333326e-01
4.666666666666666879e-02
2.500000000000000000e-01
2.466666666666666730e-01
1.166666666666666546e-01
1.106666666666666687e+00
1.610000000000000098e+00
9.799999999999999822e-01
1.550000000000000044e+00
6.900000000000000577e-01
2.556666666666666643e+00
3.473333333333333162e+00
8.566666666666665764e-01
2.946666666666666767e+00
8.266666666666666607e-01
2.999999999999999889e-01
4.700000000000000289e-01
3.333333333333333287e-02
3.600000000000000422e-01
4.666666666666666879e-02
6.666666666666666574e-02
1.110000000000000098e+00
9.033333333333333215e-01
1.186666666666666536e+00
