1.393333333333333313e+00
5.033333333333332993e-01
3.533333333333333326e-01
1.000000000000000194e-01
1.799999999999999656e-01
1.333333333333333419e-02
3.033333333333333437e-01
1.000000000000000021e-02
2.366666666666666641e-01
4.099999999999999756e-01
5.833333333333333703e-01
1.700000000000000122e-01
2.733333333333333171e-01
1.700000000000000122e-01
2.566666666666666541e-01
1.766666666666666663e-01
2.000000000000000042e-02
1.466666666666666674e-01
1.233333333333333365e-01
8.633333333333332860e-01
1.700000000000000122e-01
9.033333333333333215e-01
3.500000000000000333e-01
4.000000000000000083e-02
6.999999999999999278e-02
2.666666666666666838e-02
4.666666666666666879e-02
1.666666666666666644e-02
1.733333333333333393e-01
9.333333333333333759e-02
1.000000000000000021e-02
3.333333333333333547e-03
3.666666666666666685e-02
3.233333333333333059e-01
0.000000000000000000e+00
1.666666666666666644e-02
1.123333333333333295e+00
2.666666666666666630e-01
2.446666666666666767e+00
3.166666666666666519e-01
1.700000000000000122e-01
3.499999999999999223e-01
1.133333333333333276e-01
6.666666666666667095e-03
9.999999999999999167e-02
1.000000000000000021e-02
9.666666666666667851e-02
6.333333333333333870e-02
9.333333333333333759e-02
4.999999999999999584e-02
1.233333333333333365e-01
2.399999999999999911e-01
2.333333333333333440e-02
6.666666666666666574e-02
2.500000000000000000e-01
1.296666666666666856e+00
6.333333333333333870e-02
3.333333333333333547e-03
1.300000000000000044e-01
3.666666666666665991e-02
2.666666666666666838e-02
1.666666666666666644e-02
1.050000000000000044e+00
5.000000000000000971e-02
5.333333333333333676e-02
9.333333333333333759e-02
1.499999999999999944e-01
2.199999999999999734e-01
1.300000000000000044e-01
1.513333333333333419e+00
0.000000000000000000e+00
1.183333333333333348e+00
1.816666666666666652e+00
5.999999999999999778e-02
9.433333333333333570e-01
1.033333333333333326e-01
2.099999999999999922e-01
1.353333333333333499e+00
3.733333333333333504e-01
5.166666666666667185e-01
5.000000000000000971e-02
8.399999999999999689e-01
5.999999999999999778e-02
2.399999999999999911e-01
0.000000000000000000e+00
4.999999999999999584e-02
2.600000000000000089e-01
1.399999999999999856e-01
3.099999999999999978e-01
1.000000000000000021e-02
1.333333333333333419e-02
2.000000000000000042e-02
1.766666666666666663e-01
1.266666666666666774e-01
4.633333333333333748e-01
1.793333333333333224e+00
6.466666666666666119e-01
3.333333333333333287e-02
1.100000000000000006e-01
1.000000000000000021e-02
7.133333333333332638e-01
6.666666666666667095e-03
2.333333333333333440e-02
1.133333333333333276e-01
6.666666666666667095e-03
2.733333333333333726e-01
3.166666666666666519e-01
1.133333333333333276e-01
1.333333333333333419e-02
7.333333333333333370e-02
9.000000000000001055e-02
2.333333333333333093e-01
6.333333333333334147e-01
8.333333333333332871e-02
5.133333333333333082e-01
6.866666666666666474e-01
9.000000000000001055e-02
1.000000000000000021e-02
6.333333333333333870e-02
9.000000000000001055e-02
5.266666666666667274e-01
1.520000000000000240e+00
1.766666666666666663e-01
7.333333333333333370e-02
7.666666666666667185e-01
4.066666666666666763e-01
2.066666666666666652e-01
2.033333333333333381e-01
7.799999999999999156e-01
9.666666666666666741e-01
1.866666666666666752e-01
2.833333333333333259e-01
3.733333333333333504e-01
4.533333333333333104e-01
1.780000000000000027e+00
5.400000000000000355e-01
8.333333333333333703e-01
3.666666666666666963e-01
4.000000000000000083e-02
8.000000000000000167e-02
8.900000000000000133e-01
2.533333333333333548e-01
7.033333333333332549e-01
0.000000000000000000e+00
2.433333333333333182e-01
1.333333333333333419e-02
2.666666666666666838e-02
1.066666666666666735e-01
6.333333333333333870e-02
6.666666666666667095e-03
6.666666666666666574e-02
1.199999999999999956e-01
4.999999999999999584e-02
2.566666666666666541e-01
1.006666666666666599e+00
1.866666666666666474e-01
2.106666666666666909e+00
1.350000000000000311e+00
2.833333333333333259e-01
1.030000000000000027e+00
2.600000000000000089e-01
2.099999999999999645e-01
8.233333333333332504e-01
5.300000000000000266e-01
1.566666666666666485e-01
1.333333333333333419e-02
5.333333333333333259e-01
3.333333333333333547e-03
7.333333333333331983e-02
5.999999999999999778e-02
1.499999999999999944e-01
2.666666666666666838e-02
3.099999999999999978e-01
1.666666666666666644e-02
0.000000000000000000e+00
4.333333333333333481e-02
3.166666666666666519e-01
2.999999999999999889e-01
2.200000000000000011e-01
2.166666666666666519e+00
9.000000000000001055e-02
4.733333333333333282e-01
6.666666666666667095e-03
1.199999999999999956e-01
2.566666666666666541e-01
3.666666666666666685e-02
8.000000000000000167e-02
1.000000000000000021e-02
1.933333333333333293e-01
2.000000000000000042e-02
0.000000000000000000e+00
4.333333333333333481e-02
1.900000000000000300e-01
1.000000000000000021e-02
5.333333333333333676e-02
4.333333333333333481e-02
3.500000000000000333e-01
1.426666666666666528e+00
1.410000000000000142e+00
5.633333333333333526e-01
1.709999999999999964e+00
3.333333333333333287e-02
1.333333333333333419e-02
0.000000000000000000e+00
4.666666666666666879e-02
0.000000000000000000e+00
3.033333333333332882e-01
1.666666666666666644e-02
1.110000000000000098e+00
3.333333333333333287e-02
0.000000000000000000e+00
2.533333333333333548e-01
0.000000000000000000e+00
4.566666666666666097e-01
0.000000000000000000e+00
4.799999999999999822e-01
1.633333333333333304e-01
2.666666666666666630e-01
1.236666666666666803e+00
7.999999999999999334e-01
1.333333333333333315e-01
7.333333333333333370e-02
4.366666666666667029e-01
3.733333333333333504e-01
1.199999999999999956e-01
1.766666666666666663e-01
1.000000000000000021e-02
9.966666666666667007e-01
2.333333333333333440e-02
1.666666666666666644e-02
1.966666666666666563e-01
1.199999999999999956e+00
9.000000000000000222e-01
2.799999999999999711e-01
0.000000000000000000e+00
3.366666666666666696e-01
1.000000000000000021e-02
1.000000000000000021e-02
6.500000000000000222e-01
6.266666666666665941e-01
5.333333333333333259e-01
9.333333333333333759e-02
2.999999999999999889e-02
1.466666666666666674e-01
3.333333333333333287e-02
3.566666666666666874e-01
3.666666666666666685e-02
3.666666666666666685e-02
4.166666666666666852e-01
5.166666666666666075e-01
1.666666666666666644e-02
5.500000000000000444e-01
1.750000000000000000e+00
3.666666666666666963e-01
3.766666666666667052e-01
9.000000000000000222e-01
1.226666666666666572e+00
2.103333333333333499e+00
6.133333333333333970e-01
1.683333333333333348e+00
1.336666666666666670e+00
1.820000000000000062e+00
1.373333333333333295e+00
8.266666666666666607e-01
9.666666666666666463e-02
2.466666666666666730e-01
9.000000000000001055e-02
3.566666666666666319e-01
1.383333333333333526e+00
2.066666666666666652e-01
1.166666666666666546e-01
8.466666666666666785e-01
1.183333333333333348e+00
1.466666666666666674e-01
7.666666666666667462e-02
1.566666666666666652e+00
4.066666666666666763e-01
1.186666666666666758e+00
1.450000000000000178e+00
3.033333333333333437e-01
1.566666666666666485e-01
2.999999999999999889e-02
0.000000000000000000e+00
2.333333333333333440e-02
0.000000000000000000e+00
4.000000000000000083e-02
1.666666666666666644e-02
3.666666666666666685e-02
1.333333333333333419e-02
6.000000000000000472e-02
2.000000000000000042e-02
8.666666666666666963e-02
1.000000000000000021e-02
9.666666666666667851e-02
6.666666666666667095e-03
1.666666666666666574e-01
5.000000000000000971e-02
1.366666666666666863e-01
1.266666666666666774e-01
1.233333333333333365e-01
2.200000000000000011e-01
1.040000000000000036e+00
9.866666666666666918e-01
2.033333333333333381e-01
6.666666666666667095e-03
4.933333333333333459e-01
1.266666666666666774e-01
2.999999999999999889e-02
3.766666666666666496e-01
2.999999999999999889e-02
4.666666666666666879e-02
1.000000000000000021e-02
0.000000000000000000e+00
5.333333333333333676e-02
2.000000000000000042e-02
2.000000000000000042e-02
1.333333333333333419e-02
5.999999999999999778e-02
5.999999999999999778e-02
4.333333333333333481e-02
5.666666666666667074e-02
1.999999999999999833e-01
6.733333333333333393e-01
2.799999999999999711e-01
1.496666666666666812e+00
2.899999999999999800e-01
2.666666666666666630e-01
5.433333333333333348e-01
8.833333333333333037e-01
5.399999999999999245e-01
2.866666666666666807e-01
8.166666666666667629e-01
2.033333333333333381e-01
1.000000000000000000e+00
2.466666666666666730e-01
3.433333333333332682e-01
8.033333333333333437e-01
1.199999999999999956e-01
5.200000000000000178e-01
8.066666666666666430e-01
9.333333333333332371e-02
4.333333333333333481e-01
2.666666666666666838e-02
0.000000000000000000e+00
1.000000000000000021e-02
3.333333333333333547e-03
1.000000000000000021e-02
6.666666666666667095e-03
6.333333333333333870e-02
2.233333333333333004e-01
1.233333333333333365e-01
1.166666666666666546e-01
1.666666666666666644e-02
1.199999999999999956e-01
1.766666666666666663e-01
3.333333333333333547e-03
9.333333333333333759e-02
3.333333333333333547e-03
1.566666666666666763e-01
1.666666666666666644e-02
8.000000000000000167e-02
9.999999999999999167e-02
4.999999999999999584e-02
1.700000000000000122e-01
7.666666666666667462e-02
1.100000000000000006e-01
9.833333333333332815e-01
1.480000000000000204e+00
3.499999999999999223e-01
3.103333333333333499e+00
2.099999999999999922e-01
1.966666666666666563e-01
1.536666666666666847e+00
5.566666666666666430e-01
4.400000000000000022e-01
5.633333333333333526e-01
1.999999999999999833e-01
1.833333333333333481e-01
4.333333333333333481e-02
3.099999999999999978e-01
2.666666666666666838e-02
0.000000000000000000e+00
1.403333333333333321e+00
1.523333333333333428e+00
2.793333333333333002e+00
